%YAML:1.0
---
K: !!opencv-matrix
   rows: 3
   cols: 3
   dt: d
   data: [ 8.0979259696305451e+02, 0., 3.3125029251409654e+02, 0.,
       8.1200818661743551e+02, 2.3920922706671382e+02, 0., 0., 1. ]
D: !!opencv-matrix
   rows: 1
   cols: 5
   dt: d
   data: [ 6.8777983171883383e-02, -2.6433479189020992e-01,
       -9.9809887394139017e-04, 1.1499008580400261e-03,
       1.6832456215586218e+00 ]
